# /dev/cpu_dma_latency set to 0us
# Histogram
000000 000000	000000	000000	000000
000001 000000	000000	000000	000000
000002 000000	000000	000000	000000
000003 000000	000000	000000	000000
000004 000000	000000	000000	000000
000005 000553	000560	001753	000865
000006 001274	000485	000700	000604
000007 002322	002686	001818	002707
000008 000262	000550	000223	000162
000009 000093	000090	000102	000074
000010 000072	000046	000052	000050
000011 000058	000041	000056	000047
000012 000170	000047	000125	000054
000013 004863	003097	015977	011885
000014 001260	000968	000800	002122
000015 007064	000491	001234	001072
000016 045032	050121	014278	058727
000017 025789	031163	053395	015733
000018 006819	006537	006716	003267
000019 002348	001437	001287	000849
000020 000595	000338	000376	000298
000021 000217	000120	000145	000208
000022 000114	000102	000120	000227
000023 000085	000089	000088	000127
000024 000086	000083	000085	000103
000025 000152	000064	000088	000133
000026 000255	000054	000081	000138
000027 000108	000176	000137	000175
000028 000072	000167	000140	000125
000029 000041	000088	000042	000066
000030 000045	000063	000034	000051
000031 000033	000040	000026	000034
000032 000032	000034	000011	000019
000033 000023	000031	000010	000013
000034 000010	000021	000006	000010
000035 000009	000016	000012	000001
000036 000011	000015	000009	000003
000037 000004	000017	000002	000005
000038 000001	000013	000002	000005
000039 000005	000005	000003	000001
000040 000002	000008	000002	000001
000041 000006	000004	000003	000000
000042 000005	000009	000002	000001
000043 000007	000008	000001	000001
000044 000005	000010	000001	000001
000045 000004	000008	000003	000002
000046 000005	000004	000005	000002
000047 000004	000008	000001	000000
000048 000002	000008	000001	000002
000049 000001	000003	000001	000003
000050 000001	000002	000001	000000
000051 000003	000001	000000	000001
000052 000003	000002	000000	000000
000053 000001	000005	000002	000003
000054 000000	000003	000000	000002
000055 000003	000005	000000	000001
000056 000005	000000	000004	000000
000057 000000	000002	000000	000002
000058 000000	000001	000001	000000
000059 000002	000006	000001	000000
000060 000005	000001	000000	000001
000061 000001	000001	000001	000000
000062 000003	000001	000003	000000
000063 000003	000003	000000	000001
000064 000001	000001	000000	000000
000065 000001	000002	000002	000000
000066 000000	000000	000000	000000
000067 000000	000001	000000	000001
000068 000000	000003	000001	000000
000069 000001	000002	000000	000002
000070 000001	000001	000000	000001
000071 000001	000001	000001	000000
000072 000000	000002	000000	000000
000073 000000	000001	000000	000001
000074 000000	000000	000000	000000
000075 000000	000001	000003	000000
000076 000001	000001	000001	000000
000077 000002	000000	000000	000002
000078 000003	000000	000001	000000
000079 000001	000001	000000	000000
000080 000001	000001	000000	000000
000081 000002	000001	000000	000001
000082 000001	000000	000000	000001
000083 000004	000000	000000	000000
000084 000002	000001	000001	000000
000085 000001	000000	000000	000000
000086 000002	000000	000001	000000
000087 000001	000001	000001	000000
000088 000000	000000	000000	000000
000089 000003	000000	000000	000001
000090 000000	000000	000000	000000
000091 000000	000002	000000	000000
000092 000001	000000	000001	000000
000093 000000	000000	000000	000000
000094 000000	000001	000000	000000
000095 000002	000000	000000	000000
000096 000003	000000	000000	000001
000097 000002	000001	000001	000000
000098 000001	000000	000000	000000
000099 000001	000000	000000	000000
# Total: 000099987 000099983 000099980 000099995
# Min Latencies: 00005 00005 00005 00005
# Avg Latencies: 00016 00016 00015 00015
# Max Latencies: 00258 00326 00250 00226
# Histogram Overflows: 00013 00017 00020 00005
# Histogram Overflow at cycle number:
# Thread 0: 00012 00315 00544 01057 01078 02855 16484 20141 20143 20149 20157 20213 24940
# Thread 1: 01115 01116 01121 01145 01167 01196 01231 12132 20073 20111 22008 24196 24197 24212 24842 24844 24850
# Thread 2: 01104 12024 13569 17151 18857 19053 20249 21987 23863 24064 24066 24067 24220 24225 24226 28582 31855 49612 58615 91616
# Thread 3: 12158 12159 18869 20083 20776

